data = {
    'Bahia': [0, 3.3166, 1, 1, 2.6458, 0, 0, 1.7321, 3, 1],
    'HVBahia': [2.2361, 0, 0, 0, 0, 0, 0, 0, 1.4142, 1.4142],
    'MidwestBrazil': [0, 1, 0, 3, 1.7321, 0, 1.4142, 0, 3.4641, 3.3166],
    'NorthBrazil': [1.4142, 0, 2.4495, 0, 2, 1, 3, 2.4495, 3.873, 1.4142],
    'NortheastBrazil': [4.5826, 0, 3.4641, 2.6458, 0, 1.4142, 1, 2.6458, 9.8995, 2.2361],
    'OtherContinents': [2, 1.4142, 1.4142, 1.4142, 1.7321, 0, 1.7321, 2.4495, 3.7417, 9.2736],
    'SouthAmerica': [0, 0, 1.4142, 1, 1, 0, 0, 0, 2, 1.7321],
    'SouthBrazil': [0, 0, 2, 2.6458, 2.4495, 1.4142, 1, 0, 5.6569, 2.4495],
    'SoutheastBrazil': [5.831, 1, 8.6603, 6.7082, 9.7468, 4, 3.873, 9.2195, 0, 7.2801],
    'WesternEurope': [0, 1, 2, 0, 0, 3.6056, 1.4142, 1.4142, 3.6056, 0]
}
